#Xarm goals
xarm_1:
    x: 0.9831671714782715
    y: 2.663472890853882
    z: 0.9991141103266642
    w: 0.042083186026706014

xarm_2:
    x: 0.9831671714782715
    y: 2.663472890853882
    z: 0.9991141103266642
    w: 0.042083186026706014


